%        MT         mS    xsec08    xsec13     htht     htzt     htwb     wbwb     ztzt     ztht      ztwb	   stht     stzt     stwb    stst1    stst2	  wbwblim    hthtlim
 600.00000  100.00000   0.17000   1.43000  0.05556  0.03889  0.02581  0.02143  0.00355  0.00246  -0.00100	0.00112  0.00176  0.00073  0.00892  0.00302	   0.17027     0.10602
 600.00000  200.00000   0.17000   1.43000  0.05556  0.03889  0.02581  0.02143  0.00355  0.00246  -0.00100	0.00137  0.00247  0.00092  0.00861  0.00390	   0.17027     0.10602
 600.00000  300.00000   0.17000   1.43000  0.05556  0.03889  0.02581  0.02143  0.00355  0.00246  -0.00100	0.00188  0.00273  0.00108  0.00888  0.00324	   0.17027     0.10602
 600.00000  400.00000   0.17000   1.43000  0.05556  0.03889  0.02581  0.02143  0.00355  0.00246  -0.00100	0.00245  0.00400  0.00224  0.00804  0.00294	   0.17027     0.10602
 700.00000  100.00000   0.05400   0.52400  0.08333  0.06833  0.05311  0.02500  0.00355  0.00246   0.00044	0.00286  0.00408  0.00198  0.00749  0.00559	   0.13023     0.08126
 700.00000  200.00000   0.05400   0.52400  0.08333  0.06833  0.05311  0.02500  0.00355  0.00246   0.00044	0.00296  0.00531  0.00249  0.00786  0.00645	   0.13023     0.08126
 700.00000  300.00000   0.05400   0.52400  0.08333  0.06833  0.05311  0.02500  0.00355  0.00246   0.00044	0.00359  0.00527  0.00294  0.00800  0.00724	   0.13023     0.08126
 700.00000  400.00000   0.05400   0.52400  0.08333  0.06833  0.05311  0.02500  0.00355  0.00246   0.00044	0.00557  0.00584  0.00349  0.00684  0.00712	   0.13023     0.08126
 800.00000  100.00000   0.02100   0.19000  0.10417  0.10506  0.06636  0.02679  0.00556  0.00328   0.00173	0.00522  0.00753  0.00351  0.00688  0.00782	   0.07007     0.05499
 800.00000  200.00000   0.02100   0.19000  0.10417  0.10506  0.06636  0.02679  0.00556  0.00328   0.00173	0.00573  0.00906  0.00520  0.00661  0.00941	   0.07007     0.05499
 800.00000  300.00000   0.02100   0.19000  0.10417  0.10506  0.06636  0.02679  0.00556  0.00328   0.00173	0.00722  0.00953  0.00588  0.00582  0.01027	   0.07007     0.05499
 800.00000  400.00000   0.02100   0.19000  0.10417  0.10506  0.06636  0.02679  0.00556  0.00328   0.00173	0.00814  0.01157  0.00673  0.00563  0.01051	   0.07007     0.05499
 900.00000  100.00000   0.00800   0.09200  0.13889  0.15056  0.14882  0.03125  0.00870  0.00530   0.00239	0.00714  0.01116  0.00635  0.00624  0.00937	   0.04767     0.03086
 900.00000  200.00000   0.00800   0.09200  0.13889  0.15056  0.14882  0.03125  0.00870  0.00530   0.00239	0.00796  0.01149  0.00688  0.00639  0.01139	   0.04767     0.03086
 900.00000  300.00000   0.00800   0.09200  0.13889  0.15056  0.14882  0.03125  0.00870  0.00530   0.00239	0.00941  0.01567  0.00763  0.00514  0.01198	   0.04767     0.03086
 900.00000  400.00000   0.00800   0.09200  0.13889  0.15056  0.14882  0.03125  0.00870  0.00530   0.00239	0.01222  0.01786  0.01010  0.00504  0.01380	   0.04767     0.03086
1000.00000  100.00000   0.00330   0.04300  0.16667  0.17857  0.20751  0.03125  0.01013  0.00785   0.00391	0.00898  0.01435  0.00855  0.00561  0.00963	   0.02484     0.02293
1000.00000  200.00000   0.00330   0.04300  0.16667  0.17857  0.20751  0.03125  0.01013  0.00785   0.00391	0.01129  0.01651  0.01029  0.00516  0.01245	   0.02484     0.02293
1000.00000  300.00000   0.00330   0.04300  0.16667  0.17857  0.20751  0.03125  0.01013  0.00785   0.00391	0.01504  0.01853  0.01071  0.00502  0.01400	   0.02484     0.02293
1000.00000  400.00000   0.00330   0.04300  0.16667  0.17857  0.20751  0.03125  0.01013  0.00785   0.00391	0.01582  0.02149  0.01247  0.00463  0.01529	   0.02484     0.02293
1100.00000  100.00000   0.00140   0.02200  0.18519  0.19312  0.25714  0.03125  0.01312  0.00926   0.00501	0.00951  0.01659  0.00980  0.00596  0.00982	   0.01920     0.01588
1100.00000  200.00000   0.00140   0.02200  0.18519  0.19312  0.25714  0.03125  0.01312  0.00926   0.00501	0.01202  0.01980  0.01049  0.00563  0.01198	   0.01920     0.01588
1100.00000  300.00000   0.00140   0.02200  0.18519  0.19312  0.25714  0.03125  0.01312  0.00926   0.00501	0.01533  0.02312  0.01320  0.00453  0.01486	   0.01920     0.01588
1100.00000  400.00000   0.00140   0.02200  0.18519  0.19312  0.25714  0.03125  0.01312  0.00926   0.00501	0.01796  0.02333  0.01514  0.00418  0.01590	   0.01920     0.01588
1200.00000  100.00000   0.00070   0.01130  0.18519  0.19312  0.25714  0.03125  0.01527  0.01203   0.00573	0.00980  0.01941  0.01010  0.00655  0.00988	   0.01652     0.01246
1200.00000  200.00000   0.00070   0.01130  0.18519  0.19312  0.25714  0.03125  0.01527  0.01203   0.00573	0.01245  0.02182  0.01314  0.00553  0.01182	   0.01652     0.01246
1200.00000  300.00000   0.00070   0.01130  0.18519  0.19312  0.25714  0.03125  0.01527  0.01203   0.00573	0.01522  0.02371  0.01420  0.00492  0.01437	   0.01652     0.01246
1200.00000  400.00000   0.00070   0.01130  0.18519  0.19312  0.25714  0.03125  0.01527  0.01203   0.00573	0.01943  0.02829  0.01608  0.00416  0.01673	   0.01652     0.01246
1300.00000  100.00000   0.00036   0.00610  0.18519  0.19312  0.25714  0.03125  0.01553  0.01374   0.00732	0.01033  0.01965  0.01145  0.00557  0.00876	   0.01420     0.00978
1300.00000  200.00000   0.00036   0.00610  0.18519  0.19312  0.25714  0.03125  0.01553  0.01374   0.00732	0.01394  0.02300  0.01284  0.00502  0.01294	   0.01420     0.00978
1300.00000  300.00000   0.00036   0.00610  0.18519  0.19312  0.25714  0.03125  0.01553  0.01374   0.00732	0.01729  0.02645  0.01524  0.00439  0.01461	   0.01420     0.00978
1300.00000  400.00000   0.00036   0.00610  0.18519  0.19312  0.25714  0.03125  0.01553  0.01374   0.00732	0.01900  0.03022  0.01810  0.00406  0.01773	   0.01420     0.00978
1400.00000  100.00000   0.00020   0.00330  0.18519  0.19312  0.25714  0.03125  0.01735  0.01532   0.00755	0.01047  0.02047  0.01047  0.00608  0.00939	   0.01289     0.00925
1400.00000  200.00000   0.00020   0.00330  0.18519  0.19312  0.25714  0.03125  0.01735  0.01532   0.00755	0.01308  0.02294  0.01273  0.00565  0.01292	   0.01289     0.00925
1400.00000  300.00000   0.00020   0.00330  0.18519  0.19312  0.25714  0.03125  0.01735  0.01532   0.00755	0.01639  0.02527  0.01498  0.00416  0.01529	   0.01289     0.00925
1400.00000  400.00000   0.00020   0.00330  0.18519  0.19312  0.25714  0.03125  0.01735  0.01532   0.00755	0.02122  0.02853  0.01871  0.00373  0.01686	   0.01289     0.00925
1500.00000  100.00000   0.00010   0.00180  0.18519  0.19312  0.25714  0.03125  0.01735  0.01532   0.00755	0.00967  0.02053  0.01127  0.00594  0.00924	   0.01280     0.00925
1500.00000  200.00000   0.00010   0.00180  0.18519  0.19312  0.25714  0.03125  0.01735  0.01532   0.00755	0.01357  0.02398  0.01241  0.00471  0.01204	   0.01280     0.00925
1500.00000  300.00000   0.00010   0.00180  0.18519  0.19312  0.25714  0.03125  0.01735  0.01532   0.00755	0.01518  0.02563  0.01706  0.00439  0.01427	   0.01280     0.00925
1500.00000  400.00000   0.00010   0.00180  0.18519  0.19312  0.25714  0.03125  0.01735  0.01532   0.00755	0.02131  0.03004  0.01767  0.00416  0.01543	   0.01280     0.00925
1600.00000  100.00000   0.00006   0.00115  0.18519  0.19312  0.25714  0.03125  0.01735  0.01532   0.00755	0.00967  0.02053  0.01127  0.00594  0.00924	   0.01280     0.00925
1600.00000  200.00000   0.00006   0.00115  0.18519  0.19312  0.25714  0.03125  0.01735  0.01532   0.00755	0.01357  0.02398  0.01241  0.00471  0.01204	   0.01280     0.00925
1600.00000  300.00000   0.00006   0.00115  0.18519  0.19312  0.25714  0.03125  0.01735  0.01532   0.00755	0.01518  0.02563  0.01706  0.00439  0.01427	   0.01280     0.00925
1600.00000  400.00000   0.00006   0.00115  0.18519  0.19312  0.25714  0.03125  0.01735  0.01532   0.00755	0.02131  0.03004  0.01767  0.00416  0.01543	   0.01280     0.00925
